name: pyAudioAnalysis
channels:
  - conda-forge
  - defaults
dependencies:
  - _libgcc_mutex=0.1=main
  - blas=1.0=mkl
  - bzip2=1.0.8=h7b6447c_0
  - ca-certificates=2020.7.22=0
  - certifi=2020.6.20=py37_0
  - cycler=0.10.0=py37_0
  - dbus=1.13.16=hb2f20db_0
  - expat=2.2.9=he6710b0_2
  - ffmpeg=4.2.2=h20bf706_0
  - fontconfig=2.13.0=h9420a91_0
  - freetype=2.10.2=h5ab3b9f_0
  - glib=2.65.0=h3eb4bd4_0
  - gmp=6.1.2=h6c8ec71_1
  - gnutls=3.6.5=h71b1129_1002
  - gst-plugins-base=1.14.0=hbbd80ab_1
  - gstreamer=1.14.0=hb31296c_0
  - hmmlearn=0.2.2=py37hc1659b7_0
  - icu=58.2=he6710b0_3
  - intel-openmp=2020.2=254
  - joblib=0.16.0=py_0
  - jpeg=9b=h024ee3a_2
  - kiwisolver=1.2.0=py37hfd86e86_0
  - lame=3.100=h7b6447c_0
  - ld_impl_linux-64=2.33.1=h53a641e_7
  - libedit=3.1.20191231=h14c3975_1
  - libffi=3.3=he6710b0_2
  - libgcc-ng=9.1.0=hdf63c60_0
  - libgfortran-ng=7.3.0=hdf63c60_0
  - libopus=1.3.1=h7b6447c_0
  - libpng=1.6.37=hbc83047_0
  - libstdcxx-ng=9.1.0=hdf63c60_0
  - libuuid=1.0.3=h1bed415_2
  - libvpx=1.7.0=h439df22_0
  - libxcb=1.14=h7b6447c_0
  - libxml2=2.9.10=he19cac6_1
  - matplotlib=3.1.2=py37h4fdacc2_0
  - mkl=2020.2=256
  - mkl-service=2.3.0=py37he904b0f_0
  - mkl_fft=1.1.0=py37h23d657b_0
  - mkl_random=1.1.1=py37h0573a6f_0
  - ncurses=6.2=he6710b0_1
  - nettle=3.4.1=hbb512f6_0
  - numpy=1.18.1=py37h4f9e942_0
  - numpy-base=1.18.1=py37hde5b4d6_1
  - openh264=2.1.0=hd408876_0
  - openssl=1.1.1g=h7b6447c_0
  - pandas=1.1.1=py37he6710b0_0
  - pcre=8.44=he6710b0_0
  - pip=20.2.2=py37_0
  - plotly=4.1.1=py_0
  - pydub=0.23.1=py_0
  - pyparsing=2.4.7=py_0
  - pyqt=5.9.2=py37h05f1152_2
  - python=3.7.9=h7579374_0
  - python-dateutil=2.8.1=py_0
  - python_abi=3.7=1_cp37m
  - pytz=2020.1=py_0
  - qt=5.9.7=h5867ecd_1
  - readline=8.0=h7b6447c_0
  - retrying=1.3.3=py_2
  - scikit-learn=0.21.3=py37hd81dba3_0
  - scipy=1.4.1=py37h0b6359f_0
  - setuptools=49.6.0=py37_0
  - simplejson=3.16.0=py37h14c3975_0
  - sip=4.19.8=py37hf484d3e_0
  - six=1.15.0=py_0
  - sqlite=3.33.0=h62c20be_0
  - tk=8.6.10=hbc83047_0
  - tornado=6.0.4=py37h7b6447c_1
  - tqdm=4.44.1=py_0
  - wheel=0.35.1=py_0
  - x264=1!157.20191217=h7b6447c_0
  - xz=5.2.5=h7b6447c_0
  - zlib=1.2.11=h7b6447c_3
  - pip:
    - eyed3==0.8.12
    - python-magic==0.4.18
