Filling level [%],Filling level [%] prob0,Filling level [%] prob1,Filling level [%] prob2,Object,Sequence
1.0,0.01,0.61,0.38,3,s2_fi1_fu1_b0_l0
2.0,0.0,0.32,0.68,3,s0_fi1_fu2_b1_l1
1.0,0.145,0.5,0.355,3,s1_fi3_fu1_b1_l1
2.0,0.005,0.475,0.52,3,s0_fi2_fu1_b0_l1
0.0,0.41,0.215,0.375,3,s2_fi0_fu0_b0_l0
2.0,0.0,0.36,0.64,3,s1_fi1_fu2_b1_l1
2.0,0.195,0.095,0.71,3,s1_fi3_fu2_b0_l1
2.0,0.07,0.41,0.52,3,s0_fi3_fu2_b1_l0
1.0,0.005,0.545,0.45,3,s2_fi1_fu1_b1_l0
1.0,0.025,0.535,0.44,3,s1_fi2_fu1_b1_l1
2.0,0.01,0.395,0.595,3,s1_fi2_fu2_b0_l0
2.0,0.005,0.295,0.7,3,s0_fi2_fu2_b0_l0
2.0,0.0,0.33,0.67,3,s1_fi1_fu2_b0_l1
2.0,0.005,0.285,0.71,3,s0_fi2_fu1_b1_l1
0.0,0.75,0.12,0.13,3,s1_fi0_fu0_b0_l1
2.0,0.005,0.44,0.555,3,s0_fi2_fu1_b0_l0
0.0,0.565,0.235,0.2,3,s1_fi0_fu0_b0_l0
1.0,0.005,0.77,0.225,3,s2_fi1_fu1_b0_l1
2.0,0.0,0.325,0.675,3,s2_fi1_fu2_b0_l0
2.0,0.005,0.29,0.705,3,s1_fi2_fu2_b0_l1
1.0,0.01,0.54,0.45,3,s1_fi1_fu1_b1_l0
1.0,0.0,0.52,0.48,3,s0_fi1_fu1_b0_l1
2.0,0.0,0.375,0.625,3,s0_fi2_fu2_b1_l1
0.0,0.54,0.24,0.22,3,s2_fi0_fu0_b1_l1
1.0,0.05,0.545,0.405,3,s2_fi2_fu1_b1_l1
0.0,0.6,0.285,0.115,3,s2_fi0_fu0_b1_l0
2.0,0.14,0.305,0.555,3,s1_fi3_fu2_b1_l0
1.0,0.14,0.45,0.41,3,s2_fi3_fu2_b0_l1
2.0,0.325,0.205,0.47,3,s0_fi3_fu2_b0_l1
2.0,0.16,0.335,0.505,3,s0_fi3_fu2_b1_l1
1.0,0.02,0.525,0.455,3,s0_fi1_fu1_b1_l1
0.0,0.675,0.165,0.16,3,s1_fi0_fu0_b1_l1
1.0,0.0,0.525,0.475,3,s0_fi1_fu1_b1_l0
1.0,0.14,0.44,0.42,3,s2_fi3_fu1_b1_l1
1.0,0.0,0.53,0.47,3,s2_fi1_fu2_b1_l0
0.0,0.595,0.15,0.255,3,s2_fi3_fu1_b0_l0
0.0,0.745,0.11,0.145,3,s1_fi0_fu0_b1_l0
0.0,0.66,0.16,0.18,3,s2_fi3_fu1_b1_l0
1.0,0.005,0.545,0.45,3,s2_fi2_fu1_b0_l0
2.0,0.155,0.3,0.545,3,s0_fi3_fu2_b0_l0
1.0,0.0,0.56,0.44,3,s2_fi1_fu1_b1_l1
0.0,0.47,0.215,0.315,3,s2_fi3_fu2_b1_l1
1.0,0.0,0.68,0.32,3,s1_fi2_fu1_b1_l0
2.0,0.015,0.38,0.605,3,s1_fi2_fu1_b0_l1
0.0,0.425,0.23,0.345,3,s2_fi0_fu0_b0_l1
2.0,0.025,0.47,0.505,3,s0_fi3_fu1_b0_l0
2.0,0.005,0.295,0.7,3,s2_fi2_fu2_b0_l0
1.0,0.01,0.595,0.395,3,s1_fi1_fu1_b0_l0
2.0,0.0,0.36,0.64,3,s0_fi2_fu1_b1_l0
2.0,0.005,0.335,0.66,3,s0_fi1_fu2_b0_l1
1.0,0.0,0.535,0.465,3,s0_fi1_fu2_b0_l0
2.0,0.0,0.275,0.725,3,s2_fi2_fu2_b1_l1
0.0,0.515,0.27,0.215,3,s0_fi0_fu0_b0_l0
0.0,0.655,0.145,0.2,3,s0_fi0_fu0_b1_l0
2.0,0.0,0.225,0.775,3,s2_fi2_fu2_b1_l0
2.0,0.005,0.265,0.73,3,s1_fi2_fu2_b1_l0
2.0,0.255,0.23,0.515,3,s1_fi3_fu2_b0_l0
1.0,0.115,0.555,0.33,3,s1_fi3_fu1_b1_l0
1.0,0.035,0.525,0.44,3,s1_fi2_fu1_b0_l0
1.0,0.15,0.5,0.35,3,s2_fi3_fu1_b0_l1
2.0,0.02,0.33,0.65,3,s1_fi2_fu2_b1_l1
2.0,0.0,0.27,0.73,3,s0_fi1_fu1_b0_l0
1.0,0.035,0.57,0.395,3,s0_fi3_fu1_b1_l0
1.0,0.0,0.69,0.31,3,s2_fi2_fu1_b1_l0
2.0,0.005,0.305,0.69,3,s0_fi1_fu2_b1_l0
2.0,0.005,0.495,0.5,3,s2_fi1_fu2_b1_l1
1.0,0.045,0.5,0.455,3,s0_fi3_fu1_b0_l1
1.0,0.0,0.63,0.37,3,s2_fi1_fu2_b0_l1
2.0,0.005,0.44,0.555,3,s1_fi1_fu2_b1_l0
2.0,0.055,0.39,0.555,3,s2_fi2_fu1_b0_l1
1.0,0.26,0.375,0.365,3,s1_fi3_fu2_b1_l1
2.0,0.02,0.345,0.635,3,s0_fi2_fu2_b0_l1
2.0,0.26,0.195,0.545,3,s2_fi3_fu2_b0_l0
1.0,0.145,0.48,0.375,3,s1_fi3_fu1_b0_l0
1.0,0.005,0.61,0.385,3,s1_fi1_fu1_b1_l1
2.0,0.235,0.25,0.515,3,s2_fi3_fu2_b1_l0
2.0,0.0,0.495,0.505,3,s1_fi1_fu2_b0_l0
2.0,0.005,0.42,0.575,3,s2_fi2_fu2_b0_l1
0.0,0.61,0.14,0.25,3,s0_fi0_fu0_b1_l1
2.0,0.325,0.32,0.355,3,s1_fi3_fu1_b0_l1
2.0,0.015,0.435,0.55,3,s0_fi2_fu2_b1_l0
0.0,0.79,0.085,0.125,3,s0_fi0_fu0_b0_l1
2.0,0.21,0.385,0.405,3,s0_fi3_fu1_b1_l1
1.0,0.0,0.58,0.42,3,s1_fi1_fu1_b0_l1
1.0,0.06,0.545,0.395,6,s0_fi3_fu1_b1_l1
1.0,0.005,0.56,0.435,6,s1_fi2_fu1_b1_l0
1.0,0.15,0.445,0.405,6,s2_fi3_fu1_b1_l1
2.0,0.0,0.385,0.615,6,s2_fi1_fu2_b1_l1
1.0,0.005,0.55,0.445,6,s2_fi1_fu1_b1_l1
0.0,0.635,0.19,0.175,6,s0_fi0_fu0_b0_l1
1.0,0.005,0.68,0.315,6,s2_fi1_fu1_b0_l1
0.0,0.735,0.115,0.15,6,s0_fi0_fu0_b1_l1
1.0,0.035,0.55,0.415,6,s2_fi2_fu1_b1_l0
2.0,0.005,0.485,0.51,6,s1_fi1_fu2_b0_l1
2.0,0.335,0.255,0.41,6,s1_fi3_fu2_b1_l0
2.0,0.005,0.425,0.57,6,s0_fi1_fu2_b1_l1
0.0,0.44,0.235,0.325,6,s0_fi0_fu0_b1_l0
1.0,0.11,0.67,0.22,6,s2_fi3_fu1_b1_l0
1.0,0.06,0.475,0.465,6,s1_fi3_fu1_b1_l1
0.0,0.64,0.125,0.235,6,s1_fi0_fu0_b0_l0
0.0,0.705,0.14,0.155,6,s2_fi0_fu0_b1_l1
1.0,0.015,0.625,0.36,6,s1_fi1_fu1_b0_l0
1.0,0.01,0.635,0.355,6,s0_fi1_fu1_b1_l1
2.0,0.0,0.36,0.64,6,s0_fi1_fu2_b1_l0
2.0,0.005,0.29,0.705,6,s1_fi2_fu2_b1_l0
1.0,0.05,0.485,0.465,6,s1_fi2_fu1_b0_l1
2.0,0.0,0.445,0.555,6,s0_fi2_fu2_b1_l1
2.0,0.02,0.46,0.52,6,s0_fi2_fu1_b1_l1
2.0,0.04,0.46,0.5,6,s0_fi3_fu1_b1_l0
2.0,0.335,0.24,0.425,6,s1_fi3_fu2_b0_l0
1.0,0.325,0.51,0.165,6,s2_fi0_fu0_b1_l0
2.0,0.025,0.25,0.725,6,s2_fi2_fu1_b0_l0
2.0,0.005,0.235,0.76,6,s0_fi2_fu2_b1_l0
1.0,0.14,0.455,0.405,6,s2_fi3_fu1_b0_l0
1.0,0.005,0.52,0.475,6,s0_fi2_fu1_b0_l0
0.0,0.355,0.34,0.305,6,s2_fi0_fu0_b0_l1
2.0,0.0,0.47,0.53,6,s0_fi1_fu1_b1_l0
1.0,0.005,0.545,0.45,6,s2_fi2_fu1_b0_l1
1.0,0.01,0.56,0.43,6,s0_fi3_fu1_b0_l0
2.0,0.0,0.43,0.57,6,s1_fi1_fu2_b1_l0
2.0,0.21,0.29,0.5,6,s0_fi3_fu2_b0_l1
1.0,0.115,0.515,0.37,6,s2_fi3_fu2_b0_l0
2.0,0.005,0.295,0.7,6,s0_fi2_fu1_b0_l1
0.0,0.865,0.05,0.085,6,s1_fi0_fu0_b0_l1
2.0,0.005,0.46,0.535,6,s0_fi3_fu2_b0_l0
2.0,0.005,0.39,0.605,6,s0_fi2_fu1_b1_l0
2.0,0.0,0.36,0.64,6,s1_fi1_fu2_b1_l1
2.0,0.315,0.225,0.46,6,s0_fi3_fu1_b0_l1
1.0,0.02,0.555,0.425,6,s0_fi1_fu2_b0_l0
2.0,0.0,0.49,0.51,6,s0_fi1_fu1_b0_l0
1.0,0.09,0.565,0.345,6,s2_fi3_fu2_b0_l1
2.0,0.15,0.385,0.465,6,s1_fi3_fu1_b1_l0
0.0,0.62,0.23,0.15,6,s1_fi0_fu0_b1_l1
2.0,0.13,0.28,0.59,6,s2_fi3_fu2_b1_l1
1.0,0.0,0.63,0.37,6,s1_fi1_fu1_b1_l1
2.0,0.035,0.3,0.665,6,s2_fi2_fu2_b0_l0
2.0,0.295,0.325,0.38,6,s1_fi3_fu1_b0_l0
2.0,0.015,0.42,0.565,6,s2_fi1_fu2_b0_l0
2.0,0.38,0.175,0.445,6,s2_fi3_fu2_b1_l0
2.0,0.0,0.235,0.765,6,s2_fi1_fu2_b1_l0
1.0,0.105,0.59,0.305,6,s2_fi3_fu1_b0_l1
1.0,0.005,0.51,0.485,6,s1_fi2_fu2_b1_l1
2.0,0.015,0.455,0.53,6,s2_fi2_fu1_b1_l1
2.0,0.11,0.25,0.64,6,s1_fi3_fu2_b0_l1
2.0,0.005,0.36,0.635,6,s2_fi1_fu1_b0_l0
2.0,0.005,0.4,0.595,6,s1_fi1_fu1_b1_l0
2.0,0.035,0.36,0.605,6,s1_fi2_fu2_b0_l0
2.0,0.01,0.24,0.75,6,s2_fi2_fu2_b1_l0
2.0,0.0,0.37,0.63,6,s1_fi1_fu2_b0_l0
2.0,0.01,0.34,0.65,6,s1_fi2_fu2_b0_l1
2.0,0.07,0.295,0.635,6,s0_fi3_fu2_b1_l0
2.0,0.11,0.41,0.48,6,s1_fi2_fu1_b0_l0
2.0,0.32,0.335,0.345,6,s1_fi3_fu1_b0_l1
2.0,0.0,0.38,0.62,6,s0_fi1_fu1_b0_l1
2.0,0.0,0.25,0.75,6,s0_fi2_fu2_b0_l0
2.0,0.03,0.475,0.495,6,s2_fi1_fu2_b0_l1
2.0,0.0,0.205,0.795,6,s0_fi2_fu2_b0_l1
2.0,0.01,0.295,0.695,6,s2_fi2_fu2_b0_l1
2.0,0.285,0.35,0.365,6,s0_fi0_fu0_b0_l0
2.0,0.0,0.31,0.69,6,s2_fi2_fu2_b1_l1
0.0,0.705,0.155,0.14,6,s2_fi0_fu0_b0_l0
0.0,0.39,0.33,0.28,6,s1_fi0_fu0_b1_l0
1.0,0.075,0.495,0.43,6,s1_fi2_fu1_b1_l1
2.0,0.005,0.43,0.565,6,s0_fi1_fu2_b0_l1
2.0,0.0,0.4,0.6,6,s2_fi1_fu1_b1_l0
1.0,0.075,0.465,0.46,6,s1_fi3_fu2_b1_l1
2.0,0.07,0.405,0.525,6,s0_fi3_fu2_b1_l1
1.0,0.005,0.635,0.36,6,s1_fi1_fu1_b0_l1
2.0,0.03,0.44,0.53,9,s1_fi2_fu2_b0_l0
2.0,0.02,0.47,0.51,9,s2_fi1_fu2_b0_l1
1.0,0.025,0.585,0.39,9,s2_fi1_fu1_b0_l0
1.0,0.025,0.58,0.395,9,s0_fi1_fu2_b1_l0
0.0,0.63,0.115,0.255,9,s2_fi0_fu0_b0_l0
1.0,0.045,0.5,0.455,9,s2_fi1_fu1_b1_l1
1.0,0.02,0.52,0.46,9,s2_fi1_fu2_b0_l0
0.0,0.675,0.17,0.155,9,s2_fi0_fu0_b1_l1
1.0,0.02,0.66,0.32,9,s0_fi2_fu2_b1_l0
1.0,0.0,0.59,0.41,9,s0_fi1_fu1_b1_l1
1.0,0.08,0.51,0.41,9,s2_fi2_fu1_b0_l1
0.0,0.82,0.09,0.09,9,s1_fi0_fu0_b0_l1
0.0,0.65,0.19,0.16,9,s1_fi0_fu0_b1_l1
0.0,0.58,0.285,0.135,9,s0_fi0_fu0_b1_l1
1.0,0.02,0.645,0.335,9,s2_fi2_fu1_b0_l0
1.0,0.025,0.615,0.36,9,s1_fi1_fu2_b1_l0
1.0,0.045,0.505,0.45,9,s2_fi2_fu2_b1_l1
1.0,0.025,0.495,0.48,9,s0_fi2_fu2_b1_l1
1.0,0.04,0.56,0.4,9,s2_fi1_fu2_b1_l1
0.0,0.705,0.13,0.165,9,s0_fi0_fu0_b1_l0
1.0,0.02,0.685,0.295,9,s0_fi2_fu1_b1_l0
0.0,0.645,0.15,0.205,9,s1_fi0_fu0_b1_l0
1.0,0.02,0.495,0.485,9,s1_fi1_fu2_b1_l1
0.0,0.455,0.23,0.315,9,s0_fi0_fu0_b0_l0
2.0,0.01,0.43,0.56,9,s1_fi2_fu2_b0_l1
1.0,0.205,0.45,0.345,9,s2_fi0_fu0_b1_l0
2.0,0.065,0.46,0.475,9,s1_fi2_fu1_b0_l1
1.0,0.12,0.545,0.335,9,s0_fi1_fu2_b1_l1
1.0,0.035,0.53,0.435,9,s1_fi1_fu1_b1_l1
2.0,0.1,0.355,0.545,9,s0_fi2_fu2_b0_l0
2.0,0.045,0.445,0.51,9,s0_fi2_fu1_b1_l1
1.0,0.045,0.555,0.4,9,s2_fi2_fu1_b1_l1
2.0,0.01,0.46,0.53,9,s0_fi1_fu2_b0_l0
1.0,0.025,0.55,0.425,9,s1_fi1_fu1_b1_l0
2.0,0.03,0.375,0.595,9,s2_fi2_fu2_b1_l0
1.0,0.0,0.515,0.485,9,s2_fi1_fu1_b0_l1
1.0,0.015,0.575,0.41,9,s0_fi1_fu1_b0_l1
2.0,0.025,0.45,0.525,9,s0_fi2_fu2_b0_l1
1.0,0.35,0.38,0.27,9,s2_fi0_fu0_b0_l1
2.0,0.005,0.42,0.575,9,s1_fi2_fu1_b0_l0
0.0,0.65,0.115,0.235,9,s0_fi0_fu0_b0_l1
1.0,0.045,0.545,0.41,9,s1_fi1_fu2_b0_l0
1.0,0.07,0.57,0.36,9,s0_fi1_fu1_b1_l0
1.0,0.035,0.575,0.39,9,s0_fi1_fu1_b0_l0
1.0,0.04,0.52,0.44,9,s0_fi2_fu1_b0_l1
1.0,0.035,0.555,0.41,9,s1_fi2_fu1_b1_l1
0.0,0.665,0.235,0.1,9,s1_fi0_fu0_b0_l0
1.0,0.005,0.545,0.45,9,s1_fi2_fu1_b1_l0
1.0,0.045,0.52,0.435,9,s2_fi1_fu1_b1_l0
1.0,0.02,0.535,0.445,9,s2_fi1_fu2_b1_l0
1.0,0.03,0.495,0.475,9,s1_fi2_fu2_b1_l1
2.0,0.025,0.455,0.52,9,s1_fi1_fu1_b0_l1
1.0,0.045,0.49,0.465,9,s0_fi1_fu2_b0_l1
2.0,0.1,0.435,0.465,9,s1_fi1_fu2_b0_l1
2.0,0.01,0.465,0.525,9,s0_fi2_fu1_b0_l0
1.0,0.03,0.565,0.405,9,s1_fi1_fu1_b0_l0
1.0,0.015,0.73,0.255,9,s2_fi2_fu1_b1_l0
1.0,0.06,0.585,0.355,9,s2_fi2_fu2_b0_l0
2.0,0.02,0.47,0.51,9,s2_fi2_fu2_b0_l1
1.0,0.0,0.61,0.39,9,s1_fi2_fu2_b1_l0
2.0,0.002,0.404,0.594,1,s2_fi2_fu2_b0_l1
2.0,0.014,0.452,0.534,1,s2_fi1_fu1_b0_l0
2.0,0.152,0.21,0.638,1,s1_fi3_fu2_b0_l1
0.0,0.41,0.4,0.19,1,s1_fi0_fu0_b1_l0
1.0,0.056,0.5,0.444,1,s0_fi1_fu1_b1_l0
1.0,0.066,0.49,0.444,1,s0_fi3_fu2_b1_l1
1.0,0.116,0.568,0.316,1,s0_fi3_fu1_b0_l1
2.0,0.012,0.492,0.496,1,s0_fi2_fu1_b1_l1
2.0,0.006,0.33,0.664,1,s0_fi2_fu2_b0_l0
2.0,0.0,0.408,0.592,1,s0_fi1_fu2_b0_l1
2.0,0.108,0.13,0.762,1,s2_fi3_fu2_b0_l0
1.0,0.076,0.544,0.38,1,s1_fi1_fu1_b0_l0
1.0,0.042,0.678,0.28,1,s2_fi2_fu1_b1_l0
2.0,0.0,0.294,0.706,1,s1_fi1_fu2_b1_l0
0.0,0.662,0.192,0.146,1,s1_fi0_fu0_b0_l0
2.0,0.004,0.426,0.57,1,s0_fi2_fu2_b0_l1
1.0,0.076,0.568,0.356,1,s2_fi3_fu1_b1_l0
2.0,0.012,0.22,0.768,1,s2_fi2_fu2_b0_l0
0.0,0.774,0.106,0.12,1,s0_fi0_fu0_b0_l1
1.0,0.026,0.644,0.33,1,s2_fi1_fu1_b1_l1
2.0,0.004,0.322,0.674,1,s2_fi1_fu2_b1_l1
2.0,0.002,0.268,0.73,1,s1_fi2_fu2_b0_l1
2.0,0.006,0.23,0.764,1,s2_fi1_fu2_b0_l0
1.0,0.148,0.462,0.39,1,s1_fi3_fu1_b0_l0
1.0,0.014,0.616,0.37,1,s2_fi2_fu1_b1_l1
0.0,0.732,0.134,0.134,1,s1_fi0_fu0_b1_l1
2.0,0.026,0.486,0.488,1,s2_fi1_fu1_b1_l0
2.0,0.004,0.378,0.618,1,s1_fi1_fu2_b1_l1
0.0,0.562,0.208,0.23,1,s0_fi0_fu0_b1_l1
1.0,0.008,0.58,0.412,1,s1_fi1_fu1_b1_l0
2.0,0.292,0.218,0.49,1,s2_fi0_fu0_b0_l1
2.0,0.0,0.376,0.624,1,s0_fi1_fu2_b1_l1
2.0,0.02,0.378,0.602,1,s2_fi2_fu2_b1_l1
1.0,0.006,0.562,0.432,1,s0_fi2_fu1_b0_l1
0.0,0.806,0.114,0.08,1,s0_fi0_fu0_b1_l0
1.0,0.034,0.574,0.392,1,s0_fi3_fu1_b1_l0
1.0,0.052,0.598,0.35,1,s1_fi3_fu2_b0_l0
2.0,0.018,0.452,0.53,1,s2_fi1_fu2_b1_l0
2.0,0.002,0.304,0.694,1,s0_fi2_fu1_b1_l0
2.0,0.112,0.268,0.62,1,s1_fi3_fu2_b1_l0
2.0,0.102,0.174,0.724,1,s0_fi3_fu2_b1_l0
2.0,0.016,0.37,0.614,1,s2_fi2_fu1_b0_l0
2.0,0.0,0.328,0.672,1,s2_fi1_fu2_b0_l1
2.0,0.402,0.172,0.426,1,s2_fi0_fu0_b0_l0
2.0,0.05,0.326,0.624,1,s0_fi3_fu2_b0_l0
2.0,0.01,0.446,0.544,1,s2_fi2_fu2_b1_l0
2.0,0.012,0.412,0.576,1,s1_fi2_fu2_b1_l1
1.0,0.004,0.544,0.452,1,s0_fi2_fu1_b0_l0
2.0,0.248,0.374,0.378,1,s0_fi3_fu1_b1_l1
1.0,0.0,0.554,0.446,1,s2_fi1_fu1_b0_l1
1.0,0.002,0.522,0.476,1,s2_fi2_fu1_b0_l1
1.0,0.038,0.608,0.354,1,s0_fi1_fu1_b1_l1
1.0,0.31,0.378,0.312,1,s1_fi0_fu0_b0_l1
2.0,0.016,0.34,0.644,1,s0_fi2_fu2_b1_l0
2.0,0.108,0.348,0.544,1,s2_fi3_fu2_b1_l1
2.0,0.0,0.27,0.73,1,s0_fi1_fu2_b1_l0
2.0,0.026,0.464,0.51,1,s2_fi3_fu2_b0_l1
2.0,0.07,0.26,0.67,1,s1_fi3_fu2_b1_l1
1.0,0.058,0.608,0.334,1,s2_fi3_fu1_b0_l1
1.0,0.264,0.5,0.236,1,s1_fi3_fu1_b1_l1
2.0,0.012,0.408,0.58,1,s1_fi2_fu1_b0_l1
1.0,0.012,0.536,0.452,1,s1_fi2_fu1_b1_l0
2.0,0.008,0.366,0.626,1,s1_fi2_fu2_b1_l0
1.0,0.072,0.596,0.332,1,s1_fi3_fu1_b0_l1
0.0,0.408,0.252,0.34,1,s2_fi0_fu0_b1_l1
1.0,0.0,0.58,0.42,1,s1_fi1_fu1_b1_l1
1.0,0.164,0.534,0.302,1,s1_fi3_fu1_b1_l0
1.0,0.04,0.536,0.424,1,s1_fi2_fu1_b0_l0
2.0,0.0,0.342,0.658,1,s1_fi1_fu2_b0_l1
1.0,0.032,0.644,0.324,1,s0_fi3_fu2_b0_l1
1.0,0.008,0.496,0.496,1,s1_fi1_fu1_b0_l1
2.0,0.008,0.39,0.602,1,s0_fi2_fu2_b1_l1
1.0,0.016,0.496,0.488,1,s1_fi2_fu2_b0_l0
2.0,0.062,0.446,0.492,1,s0_fi3_fu1_b0_l0
2.0,0.138,0.278,0.584,1,s2_fi3_fu1_b0_l0
0.0,0.538,0.298,0.164,1,s2_fi0_fu0_b1_l0
0.0,0.53,0.266,0.204,1,s0_fi0_fu0_b0_l0
1.0,0.01,0.552,0.438,1,s1_fi1_fu2_b0_l0
2.0,0.008,0.43,0.562,1,s0_fi1_fu1_b0_l1
2.0,0.01,0.468,0.522,1,s1_fi2_fu1_b1_l1
1.0,0.004,0.552,0.444,1,s0_fi1_fu1_b0_l0
2.0,0.1,0.446,0.454,1,s2_fi3_fu1_b1_l1
2.0,0.002,0.476,0.522,1,s0_fi1_fu2_b0_l0
0.0,0.49,0.21,0.3,1,s2_fi3_fu2_b1_l0
2.0,0.128,0.214,0.658,4,s0_fi3_fu2_b1_l1
1.0,0.018,0.572,0.41,4,s0_fi2_fu1_b0_l0
2.0,0.118,0.326,0.556,4,s2_fi3_fu2_b1_l0
2.0,0.006,0.378,0.616,4,s0_fi2_fu2_b1_l1
1.0,0.042,0.486,0.472,4,s1_fi2_fu2_b0_l1
0.0,0.664,0.212,0.124,4,s1_fi0_fu0_b1_l0
1.0,0.01,0.602,0.388,4,s0_fi1_fu1_b0_l0
1.0,0.074,0.478,0.448,4,s1_fi2_fu2_b1_l1
0.0,0.528,0.192,0.28,4,s0_fi0_fu0_b1_l0
2.0,0.208,0.336,0.456,4,s2_fi3_fu1_b1_l0
1.0,0.074,0.62,0.306,4,s1_fi3_fu1_b1_l1
1.0,0.014,0.542,0.444,4,s1_fi1_fu1_b0_l0
0.0,0.566,0.17,0.264,4,s2_fi0_fu0_b1_l0
2.0,0.012,0.45,0.538,4,s0_fi2_fu2_b0_l1
2.0,0.008,0.382,0.61,4,s1_fi2_fu2_b1_l0
2.0,0.006,0.39,0.604,4,s0_fi1_fu2_b1_l0
1.0,0.018,0.64,0.342,4,s1_fi2_fu1_b1_l1
1.0,0.004,0.722,0.274,4,s2_fi1_fu1_b1_l0
2.0,0.012,0.436,0.552,4,s0_fi2_fu1_b1_l1
1.0,0.28,0.424,0.296,4,s0_fi3_fu2_b0_l0
1.0,0.034,0.624,0.342,4,s2_fi1_fu1_b0_l1
0.0,0.462,0.288,0.25,4,s0_fi0_fu0_b1_l1
1.0,0.122,0.44,0.438,4,s1_fi3_fu2_b1_l1
2.0,0.016,0.48,0.504,4,s2_fi2_fu2_b0_l1
0.0,0.368,0.306,0.326,4,s1_fi3_fu1_b0_l1
1.0,0.046,0.596,0.358,4,s2_fi2_fu1_b0_l1
2.0,0.008,0.39,0.602,4,s2_fi1_fu2_b0_l0
1.0,0.272,0.426,0.302,4,s1_fi3_fu1_b0_l0
1.0,0.056,0.592,0.352,4,s2_fi3_fu1_b0_l1
0.0,0.85,0.082,0.068,4,s1_fi3_fu2_b0_l1
1.0,0.288,0.382,0.33,4,s0_fi0_fu0_b0_l1
2.0,0.064,0.206,0.73,4,s0_fi3_fu1_b1_l0
1.0,0.018,0.646,0.336,4,s1_fi2_fu1_b1_l0
2.0,0.026,0.426,0.548,4,s2_fi1_fu1_b0_l0
2.0,0.122,0.358,0.52,4,s0_fi3_fu2_b1_l0
2.0,0.028,0.484,0.488,4,s1_fi1_fu2_b0_l0
2.0,0.07,0.412,0.518,4,s2_fi3_fu2_b0_l0
2.0,0.118,0.408,0.474,4,s0_fi3_fu1_b0_l0
1.0,0.004,0.65,0.346,4,s0_fi1_fu1_b1_l0
1.0,0.282,0.47,0.248,4,s2_fi3_fu1_b1_l1
1.0,0.01,0.594,0.396,4,s2_fi1_fu1_b1_l1
1.0,0.056,0.608,0.336,4,s0_fi3_fu2_b0_l1
1.0,0.042,0.644,0.314,4,s0_fi3_fu1_b0_l1
1.0,0.02,0.63,0.35,4,s2_fi2_fu1_b1_l0
0.0,0.736,0.156,0.108,4,s1_fi0_fu0_b1_l1
0.0,0.794,0.13,0.076,4,s2_fi0_fu0_b1_l1
2.0,0.018,0.314,0.668,4,s0_fi2_fu2_b1_l0
1.0,0.006,0.564,0.43,4,s2_fi2_fu1_b1_l1
1.0,0.01,0.586,0.404,4,s2_fi1_fu2_b0_l1
1.0,0.004,0.582,0.414,4,s0_fi1_fu2_b0_l1
2.0,0.008,0.482,0.51,4,s2_fi1_fu2_b1_l1
1.0,0.01,0.548,0.442,4,s2_fi1_fu2_b1_l0
0.0,0.644,0.178,0.178,4,s2_fi0_fu0_b0_l0
1.0,0.032,0.556,0.412,4,s1_fi2_fu1_b0_l1
0.0,0.722,0.142,0.136,4,s0_fi0_fu0_b0_l0
1.0,0.006,0.544,0.45,4,s0_fi1_fu2_b1_l1
2.0,0.012,0.34,0.648,4,s2_fi2_fu2_b1_l0
0.0,0.504,0.286,0.21,4,s2_fi0_fu0_b0_l1
2.0,0.02,0.354,0.626,4,s2_fi2_fu1_b0_l0
2.0,0.068,0.314,0.618,4,s0_fi3_fu1_b1_l1
2.0,0.014,0.38,0.606,4,s1_fi1_fu2_b0_l1
2.0,0.02,0.332,0.648,4,s2_fi2_fu2_b1_l1
0.0,0.658,0.14,0.202,4,s1_fi0_fu0_b0_l1
1.0,0.02,0.624,0.356,4,s0_fi2_fu1_b0_l1
2.0,0.0,0.384,0.616,4,s1_fi1_fu2_b1_l0
2.0,0.106,0.158,0.736,4,s2_fi3_fu2_b1_l1
2.0,0.006,0.344,0.65,4,s0_fi2_fu2_b0_l0
2.0,0.188,0.312,0.5,4,s1_fi3_fu2_b1_l0
2.0,0.01,0.472,0.518,4,s0_fi2_fu1_b1_l0
1.0,0.01,0.584,0.406,4,s1_fi1_fu1_b0_l1
2.0,0.076,0.452,0.472,4,s1_fi2_fu2_b0_l0
1.0,0.058,0.57,0.372,4,s0_fi1_fu2_b0_l0
1.0,0.244,0.4,0.356,4,s1_fi3_fu2_b0_l0
0.0,0.662,0.214,0.124,4,s1_fi0_fu0_b0_l0
1.0,0.08,0.53,0.39,4,s1_fi2_fu1_b0_l0
1.0,0.134,0.562,0.304,4,s1_fi3_fu1_b1_l0
1.0,0.038,0.61,0.352,4,s1_fi1_fu1_b1_l0
2.0,0.04,0.422,0.538,4,s2_fi2_fu2_b0_l0
2.0,0.154,0.402,0.444,4,s2_fi3_fu1_b0_l0
1.0,0.014,0.648,0.338,4,s1_fi1_fu1_b1_l1
1.0,0.018,0.55,0.432,4,s1_fi1_fu2_b1_l1
1.0,0.012,0.642,0.346,4,s0_fi1_fu1_b1_l1
1.0,0.222,0.408,0.37,4,s2_fi3_fu2_b0_l1
1.0,0.008,0.642,0.35,4,s0_fi1_fu1_b0_l1
1.0,0.042,0.546,0.412,7,s1_fi2_fu2_b1_l0
0.0,0.464,0.278,0.258,7,s0_fi0_fu0_b0_l1
1.0,0.06,0.554,0.386,7,s1_fi1_fu2_b0_l0
1.0,0.026,0.608,0.366,7,s0_fi2_fu2_b1_l0
1.0,0.048,0.576,0.376,7,s2_fi1_fu1_b1_l0
1.0,0.078,0.524,0.398,7,s0_fi1_fu2_b0_l0
1.0,0.05,0.632,0.318,7,s1_fi1_fu2_b1_l1
0.0,0.378,0.324,0.298,7,s1_fi1_fu1_b1_l1
1.0,0.012,0.756,0.232,7,s2_fi2_fu2_b0_l1
1.0,0.032,0.642,0.326,7,s2_fi2_fu1_b0_l0
1.0,0.082,0.502,0.416,7,s0_fi2_fu1_b1_l0
1.0,0.096,0.52,0.384,7,s2_fi1_fu2_b0_l1
1.0,0.384,0.394,0.222,7,s2_fi0_fu0_b0_l1
1.0,0.072,0.564,0.364,7,s2_fi1_fu1_b1_l1
1.0,0.036,0.588,0.376,7,s2_fi1_fu2_b1_l1
0.0,0.626,0.154,0.22,7,s1_fi0_fu0_b1_l0
1.0,0.036,0.578,0.386,7,s0_fi1_fu1_b0_l0
1.0,0.03,0.558,0.412,7,s1_fi2_fu1_b0_l1
1.0,0.204,0.52,0.276,7,s1_fi1_fu2_b1_l0
1.0,0.324,0.354,0.322,7,s2_fi0_fu0_b1_l1
2.0,0.03,0.482,0.488,7,s0_fi2_fu2_b0_l1
2.0,0.02,0.424,0.556,7,s1_fi2_fu1_b0_l0
1.0,0.056,0.622,0.322,7,s1_fi1_fu1_b0_l1
1.0,0.03,0.624,0.346,7,s2_fi1_fu1_b0_l1
2.0,0.018,0.362,0.62,7,s1_fi2_fu2_b0_l0
1.0,0.134,0.548,0.318,7,s2_fi1_fu1_b0_l0
1.0,0.01,0.662,0.328,7,s1_fi2_fu1_b1_l1
1.0,0.016,0.65,0.334,7,s0_fi2_fu2_b0_l0
1.0,0.034,0.668,0.298,7,s1_fi2_fu1_b1_l0
0.0,0.43,0.284,0.286,7,s1_fi0_fu0_b0_l1
2.0,0.012,0.452,0.536,7,s1_fi2_fu2_b0_l1
1.0,0.024,0.598,0.378,7,s2_fi2_fu1_b1_l0
0.0,0.634,0.216,0.15,7,s0_fi0_fu0_b1_l1
1.0,0.014,0.526,0.46,7,s0_fi1_fu1_b1_l1
1.0,0.026,0.606,0.368,7,s2_fi2_fu2_b1_l1
0.0,0.428,0.348,0.224,7,s2_fi0_fu0_b1_l0
1.0,0.02,0.556,0.424,7,s0_fi2_fu2_b1_l1
1.0,0.018,0.652,0.33,7,s1_fi1_fu2_b0_l1
1.0,0.086,0.678,0.236,7,s2_fi1_fu2_b0_l0
0.0,0.434,0.324,0.242,7,s1_fi1_fu1_b1_l0
1.0,0.012,0.576,0.412,7,s0_fi2_fu1_b1_l1
1.0,0.026,0.574,0.4,7,s2_fi2_fu1_b1_l1
1.0,0.014,0.608,0.378,7,s1_fi2_fu2_b1_l1
1.0,0.018,0.566,0.416,7,s0_fi1_fu2_b1_l1
1.0,0.036,0.55,0.414,7,s0_fi2_fu1_b0_l0
2.0,0.382,0.22,0.398,7,s0_fi0_fu0_b0_l0
1.0,0.006,0.668,0.326,7,s2_fi2_fu1_b0_l1
0.0,0.782,0.138,0.08,7,s2_fi0_fu0_b0_l0
0.0,0.5,0.226,0.274,7,s0_fi0_fu0_b1_l0
1.0,0.16,0.474,0.366,7,s0_fi1_fu1_b0_l1
1.0,0.084,0.54,0.376,7,s2_fi1_fu2_b1_l0
0.0,0.782,0.108,0.11,7,s1_fi0_fu0_b1_l1
2.0,0.054,0.456,0.49,7,s2_fi2_fu2_b1_l0
1.0,0.016,0.662,0.322,7,s0_fi1_fu2_b1_l0
1.0,0.074,0.552,0.374,7,s2_fi2_fu2_b0_l0
1.0,0.016,0.564,0.42,7,s0_fi1_fu2_b0_l1
0.0,0.752,0.136,0.112,7,s1_fi0_fu0_b0_l0
1.0,0.038,0.554,0.408,7,s0_fi1_fu1_b1_l0
1.0,0.026,0.616,0.358,7,s0_fi2_fu1_b0_l1
1.0,0.23,0.444,0.326,7,s1_fi1_fu1_b0_l0
1.0,0.012,0.522,0.466,2,s2_fi1_fu2_b1_l0
1.0,0.002,0.566,0.432,2,s1_fi1_fu1_b1_l1
0.0,0.542,0.146,0.312,2,s2_fi3_fu2_b0_l0
2.0,0.01,0.468,0.522,2,s2_fi2_fu2_b0_l1
1.0,0.012,0.494,0.494,2,s1_fi1_fu1_b0_l1
2.0,0.372,0.144,0.484,2,s0_fi3_fu2_b1_l1
0.0,0.792,0.09,0.118,2,s2_fi0_fu0_b1_l0
1.0,0.012,0.576,0.412,2,s1_fi1_fu1_b1_l0
0.0,0.4,0.244,0.356,2,s1_fi3_fu2_b0_l0
1.0,0.078,0.508,0.414,2,s2_fi2_fu2_b1_l0
0.0,0.592,0.164,0.244,2,s1_fi0_fu0_b0_l1
1.0,0.01,0.496,0.494,2,s1_fi2_fu1_b0_l0
2.0,0.234,0.204,0.562,2,s2_fi3_fu2_b1_l1
2.0,0.0,0.386,0.614,2,s1_fi1_fu2_b0_l0
1.0,0.026,0.672,0.302,2,s2_fi2_fu1_b1_l0
2.0,0.034,0.386,0.58,2,s0_fi2_fu1_b0_l0
2.0,0.006,0.412,0.582,2,s2_fi1_fu2_b0_l0
2.0,0.256,0.164,0.58,2,s1_fi3_fu1_b0_l1
1.0,0.106,0.566,0.328,2,s1_fi3_fu1_b1_l1
2.0,0.014,0.444,0.542,2,s0_fi2_fu2_b0_l0
2.0,0.406,0.1,0.494,2,s1_fi3_fu2_b1_l0
2.0,0.002,0.412,0.586,2,s0_fi2_fu1_b0_l1
0.0,0.48,0.346,0.174,2,s1_fi0_fu0_b1_l0
2.0,0.0,0.374,0.626,2,s0_fi1_fu2_b0_l1
2.0,0.016,0.19,0.794,2,s0_fi2_fu2_b1_l0
2.0,0.248,0.204,0.548,2,s2_fi3_fu2_b0_l1
2.0,0.0,0.28,0.72,2,s0_fi1_fu2_b1_l1
0.0,0.376,0.282,0.342,2,s1_fi3_fu1_b0_l0
1.0,0.016,0.55,0.434,2,s1_fi2_fu1_b0_l1
0.0,0.512,0.25,0.238,2,s2_fi0_fu0_b0_l1
2.0,0.008,0.272,0.72,2,s1_fi2_fu2_b0_l1
1.0,0.102,0.458,0.44,2,s0_fi3_fu1_b0_l1
2.0,0.002,0.294,0.704,2,s0_fi1_fu2_b1_l0
0.0,0.674,0.164,0.162,2,s1_fi0_fu0_b0_l0
2.0,0.376,0.164,0.46,2,s2_fi3_fu1_b1_l0
1.0,0.206,0.538,0.256,2,s0_fi3_fu1_b0_l0
1.0,0.008,0.696,0.296,2,s2_fi1_fu1_b1_l1
2.0,0.004,0.438,0.558,2,s1_fi1_fu2_b1_l0
0.0,0.474,0.292,0.234,2,s0_fi0_fu0_b0_l0
2.0,0.11,0.232,0.658,2,s0_fi3_fu1_b1_l0
0.0,0.426,0.234,0.34,2,s2_fi0_fu0_b0_l0
1.0,0.002,0.5,0.498,2,s0_fi1_fu1_b1_l0
2.0,0.0,0.384,0.616,2,s1_fi1_fu2_b1_l1
1.0,0.006,0.62,0.374,2,s0_fi1_fu1_b0_l0
1.0,0.012,0.604,0.384,2,s2_fi1_fu1_b0_l0
2.0,0.01,0.422,0.568,2,s1_fi1_fu2_b0_l1
1.0,0.006,0.668,0.326,2,s2_fi1_fu1_b0_l1
1.0,0.004,0.666,0.33,2,s2_fi1_fu2_b1_l1
2.0,0.106,0.276,0.618,2,s0_fi3_fu2_b0_l0
0.0,0.688,0.126,0.186,2,s0_fi0_fu0_b1_l0
1.0,0.002,0.692,0.306,2,s1_fi2_fu1_b1_l1
2.0,0.232,0.138,0.63,2,s1_fi3_fu2_b0_l1
2.0,0.236,0.338,0.426,2,s1_fi3_fu2_b1_l1
1.0,0.038,0.558,0.404,2,s2_fi1_fu1_b1_l0
0.0,0.5,0.302,0.198,2,s0_fi0_fu0_b1_l1
2.0,0.002,0.356,0.642,2,s0_fi2_fu2_b1_l1
1.0,0.226,0.414,0.36,2,s0_fi3_fu2_b0_l1
1.0,0.004,0.674,0.322,2,s2_fi2_fu1_b1_l1
0.0,0.798,0.1,0.102,2,s0_fi0_fu0_b0_l1
2.0,0.008,0.446,0.546,2,s2_fi2_fu1_b0_l1
0.0,0.596,0.088,0.316,2,s2_fi3_fu1_b0_l0
2.0,0.002,0.326,0.672,2,s1_fi2_fu2_b1_l1
1.0,0.012,0.594,0.394,2,s1_fi2_fu2_b0_l0
2.0,0.018,0.488,0.494,2,s0_fi1_fu1_b0_l1
2.0,0.002,0.25,0.748,2,s0_fi2_fu2_b0_l1
1.0,0.232,0.444,0.324,2,s2_fi0_fu0_b1_l1
2.0,0.008,0.424,0.568,2,s2_fi2_fu2_b1_l1
2.0,0.012,0.31,0.678,2,s2_fi2_fu1_b0_l0
1.0,0.004,0.646,0.35,2,s0_fi1_fu1_b1_l1
2.0,0.018,0.48,0.502,2,s0_fi2_fu1_b1_l1
2.0,0.024,0.442,0.534,2,s1_fi2_fu2_b1_l0
1.0,0.006,0.664,0.33,2,s2_fi1_fu2_b0_l1
2.0,0.172,0.378,0.45,2,s2_fi3_fu1_b1_l1
2.0,0.01,0.356,0.634,2,s0_fi2_fu1_b1_l0
2.0,0.02,0.27,0.71,2,s2_fi2_fu2_b0_l0
2.0,0.228,0.112,0.66,2,s2_fi3_fu2_b1_l0
2.0,0.2,0.224,0.576,2,s0_fi3_fu2_b1_l0
1.0,0.016,0.636,0.348,2,s1_fi2_fu1_b1_l0
2.0,0.0,0.428,0.572,2,s0_fi1_fu2_b0_l0
2.0,0.384,0.104,0.512,2,s1_fi3_fu1_b1_l0
0.0,0.75,0.122,0.128,2,s1_fi0_fu0_b1_l1
1.0,0.028,0.614,0.358,2,s1_fi1_fu1_b0_l0
2.0,0.05,0.386,0.564,2,s0_fi3_fu1_b1_l1
1.0,0.104,0.504,0.392,2,s2_fi3_fu1_b0_l1
1.0,0.122,0.666,0.212,5,s2_fi3_fu1_b1_l0
0.0,0.636,0.194,0.17,5,s1_fi0_fu0_b0_l0
1.0,0.0,0.546,0.454,5,s0_fi1_fu2_b0_l0
1.0,0.086,0.63,0.284,5,s2_fi3_fu2_b0_l1
1.0,0.006,0.572,0.422,5,s2_fi1_fu1_b1_l0
1.0,0.01,0.52,0.47,5,s0_fi1_fu1_b0_l1
2.0,0.004,0.326,0.67,5,s1_fi1_fu2_b0_l1
2.0,0.014,0.456,0.53,5,s0_fi2_fu1_b1_l1
2.0,0.088,0.426,0.486,5,s0_fi3_fu2_b0_l1
1.0,0.17,0.436,0.394,5,s2_fi3_fu1_b1_l1
2.0,0.004,0.314,0.682,5,s2_fi1_fu2_b1_l0
2.0,0.0,0.484,0.516,5,s2_fi1_fu2_b0_l1
2.0,0.246,0.17,0.584,5,s2_fi3_fu2_b1_l1
0.0,0.424,0.214,0.362,5,s1_fi3_fu2_b0_l0
2.0,0.04,0.398,0.562,5,s2_fi2_fu2_b1_l0
2.0,0.138,0.4,0.462,5,s0_fi3_fu1_b0_l0
0.0,0.68,0.124,0.196,5,s1_fi0_fu0_b1_l0
0.0,0.524,0.272,0.204,5,s1_fi0_fu0_b1_l1
2.0,0.132,0.33,0.538,5,s1_fi3_fu2_b1_l1
2.0,0.0,0.372,0.628,5,s1_fi1_fu2_b1_l1
2.0,0.026,0.444,0.53,5,s0_fi3_fu2_b1_l0
0.0,0.358,0.304,0.338,5,s1_fi3_fu2_b0_l1
1.0,0.006,0.502,0.492,5,s0_fi1_fu1_b1_l0
0.0,0.616,0.142,0.242,5,s1_fi3_fu1_b0_l0
1.0,0.02,0.492,0.488,5,s1_fi2_fu2_b1_l1
1.0,0.006,0.748,0.246,5,s2_fi1_fu1_b0_l1
1.0,0.046,0.61,0.344,5,s1_fi3_fu1_b1_l1
1.0,0.016,0.568,0.416,5,s1_fi2_fu2_b1_l0
0.0,0.656,0.1,0.244,5,s0_fi0_fu0_b1_l1
2.0,0.188,0.402,0.41,5,s1_fi3_fu1_b1_l0
2.0,0.14,0.304,0.556,5,s2_fi3_fu2_b0_l0
1.0,0.0,0.612,0.388,5,s1_fi1_fu1_b1_l1
1.0,0.008,0.534,0.458,5,s1_fi2_fu1_b1_l1
2.0,0.004,0.49,0.506,5,s1_fi1_fu1_b1_l0
1.0,0.002,0.718,0.28,5,s0_fi1_fu1_b1_l1
1.0,0.038,0.534,0.428,5,s1_fi2_fu1_b0_l1
1.0,0.07,0.638,0.292,5,s2_fi3_fu1_b0_l1
2.0,0.004,0.312,0.684,5,s2_fi1_fu2_b1_l1
2.0,0.032,0.378,0.59,5,s1_fi2_fu2_b0_l0
2.0,0.002,0.296,0.702,5,s0_fi2_fu1_b0_l0
2.0,0.0,0.394,0.606,5,s0_fi1_fu2_b1_l0
2.0,0.0,0.18,0.82,5,s0_fi2_fu2_b1_l0
1.0,0.002,0.508,0.49,5,s0_fi1_fu2_b0_l1
1.0,0.006,0.508,0.486,5,s1_fi1_fu2_b0_l0
2.0,0.02,0.456,0.524,5,s2_fi1_fu2_b0_l0
0.0,0.738,0.124,0.138,5,s2_fi0_fu0_b0_l0
2.0,0.194,0.266,0.54,5,s2_fi3_fu2_b1_l0
1.0,0.108,0.456,0.436,5,s0_fi3_fu2_b1_l1
1.0,0.004,0.668,0.328,5,s2_fi1_fu1_b1_l1
2.0,0.288,0.252,0.46,5,s1_fi3_fu2_b1_l0
2.0,0.122,0.326,0.552,5,s0_fi3_fu1_b1_l0
0.0,0.746,0.132,0.122,5,s0_fi0_fu0_b1_l0
1.0,0.02,0.614,0.366,5,s2_fi2_fu1_b0_l1
1.0,0.008,0.622,0.37,5,s1_fi2_fu1_b1_l0
1.0,0.036,0.726,0.238,5,s0_fi3_fu2_b0_l0
2.0,0.02,0.33,0.65,5,s2_fi2_fu2_b1_l1
0.0,0.648,0.168,0.184,5,s2_fi0_fu0_b0_l1
2.0,0.012,0.374,0.614,5,s2_fi2_fu2_b0_l1
1.0,0.042,0.566,0.392,5,s0_fi2_fu2_b1_l1
2.0,0.0,0.28,0.72,5,s1_fi1_fu2_b1_l0
2.0,0.006,0.462,0.532,5,s2_fi1_fu1_b0_l0
2.0,0.018,0.406,0.576,5,s0_fi2_fu1_b0_l1
0.0,0.62,0.184,0.196,5,s2_fi0_fu0_b1_l1
0.0,0.512,0.306,0.182,5,s1_fi0_fu0_b0_l1
2.0,0.03,0.332,0.638,5,s2_fi2_fu1_b0_l0
1.0,0.14,0.438,0.422,5,s0_fi3_fu1_b1_l1
1.0,0.028,0.542,0.43,5,s2_fi2_fu1_b1_l1
1.0,0.18,0.446,0.374,5,s1_fi3_fu1_b0_l1
2.0,0.004,0.378,0.618,5,s0_fi1_fu2_b1_l1
0.0,0.538,0.238,0.224,5,s0_fi0_fu0_b0_l0
2.0,0.028,0.366,0.606,5,s2_fi2_fu2_b0_l0
2.0,0.006,0.272,0.722,5,s0_fi2_fu2_b0_l1
1.0,0.162,0.594,0.244,5,s2_fi0_fu0_b1_l0
2.0,0.03,0.476,0.494,5,s1_fi1_fu1_b0_l1
1.0,0.044,0.562,0.394,5,s1_fi2_fu1_b0_l0
2.0,0.01,0.49,0.5,5,s1_fi1_fu1_b0_l0
2.0,0.084,0.432,0.484,5,s2_fi3_fu1_b0_l0
0.0,0.676,0.186,0.138,5,s0_fi0_fu0_b0_l1
1.0,0.086,0.63,0.284,5,s2_fi2_fu1_b1_l0
1.0,0.312,0.376,0.312,5,s0_fi3_fu1_b0_l1
1.0,0.006,0.632,0.362,5,s0_fi1_fu1_b0_l0
2.0,0.014,0.32,0.666,5,s1_fi2_fu2_b0_l1
2.0,0.004,0.268,0.728,5,s0_fi2_fu1_b1_l0
2.0,0.004,0.398,0.598,5,s0_fi2_fu2_b0_l0
2.0,0.122,0.436,0.442,8,s2_fi1_fu1_b1_l1
2.0,0.006,0.452,0.542,8,s0_fi2_fu2_b0_l0
1.0,0.014,0.544,0.442,8,s0_fi2_fu1_b0_l0
2.0,0.128,0.434,0.438,8,s2_fi2_fu2_b1_l0
1.0,0.038,0.5,0.462,8,s1_fi1_fu2_b0_l0
2.0,0.054,0.436,0.51,8,s1_fi1_fu1_b0_l0
1.0,0.006,0.632,0.362,8,s1_fi2_fu1_b1_l0
1.0,0.026,0.672,0.302,8,s2_fi1_fu2_b0_l1
0.0,0.766,0.082,0.152,8,s2_fi0_fu0_b0_l0
1.0,0.06,0.532,0.408,8,s2_fi1_fu2_b0_l0
0.0,0.482,0.332,0.186,8,s2_fi0_fu0_b1_l0
0.0,0.536,0.218,0.246,8,s2_fi0_fu0_b1_l1
2.0,0.02,0.488,0.492,8,s2_fi1_fu1_b1_l0
1.0,0.022,0.512,0.466,8,s0_fi1_fu1_b0_l0
1.0,0.014,0.616,0.37,8,s0_fi2_fu1_b1_l1
1.0,0.01,0.534,0.456,8,s2_fi1_fu1_b0_l1
2.0,0.024,0.456,0.52,8,s1_fi2_fu2_b0_l0
2.0,0.054,0.452,0.494,8,s1_fi1_fu2_b1_l1
0.0,0.366,0.29,0.344,8,s0_fi0_fu0_b0_l0
1.0,0.026,0.566,0.408,8,s2_fi2_fu2_b0_l1
0.0,0.618,0.192,0.19,8,s2_fi0_fu0_b0_l1
1.0,0.086,0.558,0.356,8,s2_fi1_fu2_b1_l1
1.0,0.024,0.718,0.258,8,s2_fi2_fu1_b0_l0
1.0,0.094,0.532,0.374,8,s2_fi2_fu2_b0_l0
0.0,0.578,0.252,0.17,8,s0_fi0_fu0_b0_l1
1.0,0.038,0.636,0.326,8,s1_fi2_fu1_b0_l1
1.0,0.046,0.546,0.408,8,s0_fi1_fu1_b1_l0
2.0,0.03,0.474,0.496,8,s1_fi1_fu1_b0_l1
1.0,0.028,0.56,0.412,8,s1_fi2_fu2_b1_l1
1.0,0.032,0.486,0.482,8,s2_fi1_fu2_b1_l0
2.0,0.026,0.472,0.502,8,s1_fi2_fu2_b0_l1
1.0,0.018,0.502,0.48,8,s0_fi1_fu1_b1_l1
1.0,0.02,0.666,0.314,8,s0_fi2_fu1_b1_l0
1.0,0.01,0.548,0.442,8,s1_fi2_fu1_b1_l1
0.0,0.796,0.076,0.128,8,s1_fi0_fu0_b0_l0
1.0,0.006,0.578,0.416,8,s1_fi1_fu2_b1_l0
0.0,0.524,0.226,0.25,8,s1_fi0_fu0_b1_l0
1.0,0.006,0.682,0.312,8,s2_fi2_fu1_b1_l0
1.0,0.028,0.568,0.404,8,s1_fi2_fu2_b1_l0
1.0,0.032,0.646,0.322,8,s0_fi1_fu2_b1_l0
1.0,0.034,0.542,0.424,8,s1_fi1_fu1_b1_l0
2.0,0.02,0.424,0.556,8,s0_fi1_fu2_b0_l0
1.0,0.046,0.504,0.45,8,s1_fi1_fu1_b1_l1
1.0,0.276,0.488,0.236,8,s0_fi0_fu0_b1_l1
1.0,0.022,0.506,0.472,8,s1_fi1_fu2_b0_l1
1.0,0.006,0.578,0.416,8,s0_fi1_fu2_b1_l1
2.0,0.04,0.424,0.536,8,s1_fi2_fu1_b0_l0
2.0,0.154,0.412,0.434,8,s0_fi1_fu1_b0_l1
1.0,0.014,0.64,0.346,8,s2_fi2_fu1_b0_l1
1.0,0.01,0.652,0.338,8,s2_fi2_fu1_b1_l1
1.0,0.044,0.57,0.386,8,s2_fi1_fu1_b0_l0
1.0,0.016,0.592,0.392,8,s2_fi2_fu2_b1_l1
0.0,0.744,0.136,0.12,8,s1_fi0_fu0_b1_l1
2.0,0.102,0.444,0.454,8,s0_fi1_fu2_b0_l1
1.0,0.024,0.548,0.428,8,s0_fi2_fu2_b0_l1
0.0,0.798,0.074,0.128,8,s1_fi0_fu0_b0_l1
1.0,0.048,0.646,0.306,8,s0_fi2_fu2_b1_l0
1.0,0.014,0.572,0.414,8,s0_fi2_fu1_b0_l1
0.0,0.65,0.154,0.196,8,s0_fi0_fu0_b1_l0
1.0,0.018,0.492,0.49,8,s0_fi2_fu2_b1_l1
